********** running day 11 **********
((0, 4), (1, 9))
((0, 4), (2, 0))
((0, 4), (5, 8))
((0, 4), (6, 1))
((0, 4), (7, 12))
((0, 4), (10, 9))
((0, 4), (11, 0))
((0, 4), (11, 5))
((2, 0), (1, 9))
((2, 0), (7, 12))
((2, 0), (10, 9))
((2, 0), (11, 5))
((5, 8), (1, 9))
((5, 8), (2, 0))
((5, 8), (6, 1))
((5, 8), (7, 12))
((5, 8), (10, 9))
((5, 8), (11, 0))
((5, 8), (11, 5))
((6, 1), (1, 9))
((6, 1), (2, 0))
((6, 1), (7, 12))
((6, 1), (10, 9))
((6, 1), (11, 5))
((7, 12), (1, 9))
((7, 12), (10, 9))
((7, 12), (11, 5))
((10, 9), (1, 9))
((11, 0), (1, 9))
((11, 0), (2, 0))
((11, 0), (6, 1))
((11, 0), (7, 12))
((11, 0), (10, 9))
((11, 0), (11, 5))
((11, 5), (1, 9))
((11, 5), (10, 9))
374
Average time is 0.0001050350 seconds (1 iterations)
Average time is 0.0000009390 seconds (1 iterations)
